/----------------------------------------Detector: SHITOMASI  -----------------------------------------/
Processing time: 
     BRISK      28.753     54.0263     39.0487      48.343     52.8918     33.2113     30.8545     43.4159     55.7878     51.7948  
     BRIEF     51.5597     25.7571     18.5966     19.1597     18.7222     18.3959     38.7444     23.1846     18.6727     36.0691  
       ORB     38.3157     16.6058     16.7528     16.6085     16.6066     16.3439     32.5998     17.2331     16.9064     16.8046  
     FREAK     59.9213      73.654     55.4555     75.1953     55.9141     53.9721     68.7428     107.838     54.8878     60.9988  
     AKAZE           0           0           0           0           0           0           0           0           0           0  
      SIFT     52.4944     47.8481     50.1538     46.9442     49.5315     47.4029     73.2514     57.1474     29.8418      84.037  
number of detected keypoints: 
     BRISK        1370        1301        1361        1358        1333        1284        1322        1366        1389        1339  
     BRIEF        1370        1301        1361        1358        1333        1284        1322        1366        1389        1339  
       ORB        1370        1301        1361        1358        1333        1284        1322        1366        1389        1339  
     FREAK        1370        1301        1361        1358        1333        1284        1322        1366        1389        1339  
     AKAZE           0           0           0           0           0           0           0           0           0           0  
      SIFT        1370        1301        1361        1358        1333        1284        1322        1366        1389        1339  
number of matched keypoints: 
     BRISK           0         569         554         548         533         558         531         537         550         550  
     BRIEF           0         737         720         732         750         729         715         709         741         730  
       ORB           0         656         611         635         624         603         586         620         653         624  
     FREAK           0         471         461         456         436         432         432         418         457         418  
     AKAZE           0           0           0           0           0           0           0           0           0           0  
      SIFT           0        1044        1050        1068        1045        1019        1032        1033        1078        1053  
/----------------------------------------Detector: HARRIS  -----------------------------------------/
Processing time: 
     BRISK     41.0672     33.5446     18.6587      19.143     15.0762     26.7962     18.5691     14.9758     18.1923     29.3405  
     BRIEF     13.7223     28.6737     11.7565     29.5443     12.4097     21.8519     22.0801     13.8821     15.5927     22.2565  
       ORB     15.3457      28.599     35.1885     12.1296     19.1866     27.8999     12.3792     18.0963     19.0201     28.0274  
     FREAK     52.5603      62.929     54.0939     76.2384     48.3885     63.0383      56.023     51.4869     73.7002     58.0781  
     AKAZE           0           0           0           0           0           0           0           0           0           0  
      SIFT     34.4646     27.6122     28.1694     46.9309     31.5722     50.9226     27.0484      33.977      32.026     31.7224  
number of detected keypoints: 
     BRISK         115          98         113         121         160         383          85         210         171         281  
     BRIEF         115          98         113         121         160         383          85         210         171         281  
       ORB         115          98         113         121         160         383          85         210         171         281  
     FREAK         115          98         113         121         160         383          85         210         171         281  
     AKAZE           0           0           0           0           0           0           0           0           0           0  
      SIFT         115          98         113         121         160         383          85         210         171         281  
number of matched keypoints: 
     BRISK           0          56          49          56          62          86          68          52         101         100  
     BRIEF           0          67          65          76          79         103         100          58         125         119  
       ORB           0          63          55          65          70          91          99          50         113         111  
     FREAK           0          45          38          45          53          70          62          39          82          79  
     AKAZE           0           0           0           0           0           0           0           0           0           0  
      SIFT           0          90          77          90          95         141         120          72         154         160  
/----------------------------------------Detector: FAST  -----------------------------------------/
Processing time: 
     BRISK     47.0844     44.7014     85.9487     73.3155     58.0737     53.6418     45.4281     39.4952     40.8505     40.6421  
     BRIEF     33.9959     33.2177     31.1278     13.2625     13.0345     13.5094      13.156     32.9343     13.5115     13.5525  
       ORB     8.08104     8.13535     7.97462     25.6474     24.2526     26.0019     7.94927     7.87594       9.082      7.9895  
     FREAK     64.3604     83.5809     62.2456     62.1789     63.1371     62.0514     77.6729     62.5076       62.99     82.4416  
     AKAZE           0           0           0           0           0           0           0           0           0           0  
      SIFT     214.958     189.766      122.39      154.45     210.354     114.422     147.358     176.076     237.436     236.039  
number of detected keypoints: 
     BRISK        5063        4952        4863        4840        4856        4899        4870        4868        4996        4997  
     BRIEF        5063        4952        4863        4840        4856        4899        4870        4868        4996        4997  
       ORB        5063        4952        4863        4840        4856        4899        4870        4868        4996        4997  
     FREAK        5063        4952        4863        4840        4856        4899        4870        4868        4996        4997  
     AKAZE           0           0           0           0           0           0           0           0           0           0  
      SIFT        5063        4952        4863        4840        4856        4899        4870        4868        4996        4997  
number of matched keypoints: 
     BRISK           0        1658        1644        1632        1539        1660        1551        1488        1552        1532  
     BRIEF           0        2104        2109        2159        2103        2100        2025        1999        2118        2048  
       ORB           0        1856        1826        1861        1753        1846        1816        1742        1832        1785  
     FREAK           0        1266        1306        1323        1189        1357        1181        1096        1262        1226  
     AKAZE           0           0           0           0           0           0           0           0           0           0  
      SIFT           0        3354        3256        3260        3229        3208        3281        3256        3281        3337  
/----------------------------------------Detector: BRISK  -----------------------------------------/
Processing time: 
     BRISK     782.689     904.226     548.269     566.884     692.356     586.444     423.853     659.455     581.905     494.512  
     BRIEF     401.409     416.353     364.715     379.445     377.072     360.133     359.685     359.314     347.441     339.731  
       ORB     376.554     375.979     358.319     370.544     380.882     353.373     397.292      356.51     402.342     419.155  
     FREAK     404.438     378.778     403.344     525.947       508.6     545.957     483.699     1138.98     1275.24     1230.28  
     AKAZE           0           0           0           0           0           0           0           0           0           0  
      SIFT     1088.17     1412.35     901.873      932.93     920.608      870.74     927.933     874.573     942.646     1044.65  
number of detected keypoints: 
     BRISK        2757        2777        2741        2735        2757        2695        2715        2628        2639        2672  
     BRIEF        2757        2777        2741        2735        2757        2695        2715        2628        2639        2672  
       ORB        2757        2777        2741        2735        2757        2695        2715        2628        2639        2672  
     FREAK        2757        2777        2741        2735        2757        2695        2715        2628        2639        2672  
     AKAZE           0           0           0           0           0           0           0           0           0           0  
      SIFT        2757        2777        2741        2735        2757        2695        2715        2628        2639        2672  
number of matched keypoints: 
     BRISK           0        1092        1087        1104        1053        1067        1038        1016         984         989  
     BRIEF           0        1177        1317        1231        1219        1211        1163        1223        1240        1183  
       ORB           0         738         734         772         725         753         727         680         714         677  
     FREAK           0         852         885         873         781         870         817         817         822         785  
     AKAZE           0           0           0           0           0           0           0           0           0           0  
      SIFT           0        1677        1699        1648        1625        1689        1607        1645        1572        1580  
/----------------------------------------Detector: ORB  -----------------------------------------/
Processing time: 
     BRISK      21.663     38.5225     10.1431     23.9494     28.5381     28.5682     23.7677     17.3173     28.3028     30.1595  
     BRIEF     7.81874     21.3336     7.62882     24.2495     7.36584     26.1624      7.5713     26.9149     28.4437     21.2012  
       ORB     23.0929     32.7209      10.433      34.001     9.74297     35.6136     35.1299     9.92292     29.5235     35.0727  
     FREAK     77.3034     80.6421     42.6054     64.6876     77.1133     73.8293     80.4595     69.3594     95.7657      96.068  
     AKAZE           0           0           0           0           0           0           0           0           0           0  
      SIFT      194.41     202.263     197.826     214.924     173.719     176.949     200.978     224.211     248.768     199.356  
number of detected keypoints: 
     BRISK         500         500         500         500         500         500         500         500         500         500  
     BRIEF         500         500         500         500         500         500         500         500         500         500  
       ORB         500         500         500         500         500         500         500         500         500         500  
     FREAK         500         500         500         500         500         500         500         500         500         500  
     AKAZE           0           0           0           0           0           0           0           0           0           0  
      SIFT         500         500         500         500         500         500         500         500         500         500  
number of matched keypoints: 
     BRISK           0         259         254         257         267         276         283         270         262         268  
     BRIEF           0         174         188         196         203         203         212         187         195         207  
       ORB           0         201         225         237         217         209         227         217         201         202  
     FREAK           0          94          95          98         104          96         105         109         108         104  
     AKAZE           0           0           0           0           0           0           0           0           0           0  
      SIFT           0         377         370         374         362         364         371         379         375         369  
/----------------------------------------Detector: AKAZE  -----------------------------------------/
Processing time: 
     BRISK     144.422     119.149      101.43     123.439     128.438     124.603     138.535     123.674      98.662     102.822  
     BRIEF     115.659     109.605     117.775     93.5499     90.6679     90.9477     127.335     115.672     138.254     155.069  
       ORB     167.084     161.487     165.807     154.907     129.452     116.996     186.163     107.493     105.274     117.483  
     FREAK     226.025     151.711     159.896     135.701     157.998     203.069     165.688     141.429     140.943     153.013  
     AKAZE     213.681     198.314     221.115     234.703     229.871     189.567     203.435     212.486      216.65     192.533  
      SIFT     190.236      161.58      198.74      193.12     186.225     200.377     157.817     207.883     195.023     191.892  
number of detected keypoints: 
     BRISK        1351        1327        1311        1351        1360        1347        1363        1331        1357        1331  
     BRIEF        1351        1327        1311        1351        1360        1347        1363        1331        1357        1331  
       ORB        1351        1327        1311        1351        1360        1347        1363        1331        1357        1331  
     FREAK        1351        1327        1311        1351        1360        1347        1363        1331        1357        1331  
     AKAZE        1351        1327        1311        1351        1360        1347        1363        1331        1357        1331  
      SIFT        1351        1327        1311        1351        1360        1347        1363        1331        1357        1331  
number of matched keypoints: 
     BRISK           0         747         728         763         735         747         767         762         794         764  
     BRIEF           0         745         808         743         741         752         765         770         784         754  
       ORB           0         549         556         532         531         531         593         538         575         531  
     FREAK           0         545         577         563         560         582         579         594         583         603  
     AKAZE           0         888         892         898         888         913         920         878         913         888  
      SIFT           0        1033        1051        1025        1057        1055        1067        1057        1058        1046  
/----------------------------------------Detector: SIFT  -----------------------------------------/
Processing time: 
     BRISK     166.253     140.988     154.977      138.02     135.305     143.453     141.244     145.201     165.632     165.929  
     BRIEF     145.608     167.701     154.561      164.55     160.777     148.666     139.505     150.772     151.898     142.711  
       ORB           0           0           0           0           0           0           0           0           0           0  
     FREAK     174.449     203.588     180.219     211.325     201.727     200.856     179.609     181.814     203.755     211.915  
     AKAZE           0           0           0           0           0           0           0           0           0           0  
      SIFT     258.142     233.107     260.762     271.232     242.285     213.341     291.136     301.429     241.236     234.748  
number of detected keypoints: 
     BRISK        1437        1371        1381        1336        1303        1370        1396        1382        1462        1422  
     BRIEF        1437        1371        1381        1336        1303        1370        1396        1382        1462        1422  
       ORB           0           0           0           0           0           0           0           0           0           0  
     FREAK        1437        1371        1381        1336        1303        1370        1396        1382        1462        1422  
     AKAZE           0           0           0           0           0           0           0           0           0           0  
      SIFT        1437        1371        1381        1336        1303        1370        1396        1382        1462        1422  
number of matched keypoints: 
     BRISK           0         482         470         479         454         468         474         468         475         475  
     BRIEF           0         514         471         499         485         486         485         502         460         523  
       ORB           0           0           0           0           0           0           0           0           0           0  
     FREAK           0         393         361         349         356         373         345         365         324         358  
     AKAZE           0           0           0           0           0           0           0           0           0           0  
      SIFT           0         802         781         760         756         755         738         743         814         815  
